1
0.204282
0.273202
0.298142
0.300241
0.273807
0.26806
0.246735
0.23092
0.245574
0.237683
0.248164
0.280369
0.287218
0.229388
0.260839
0.276519
0.29365
0.259788
0.271895
0.254621
0.279376
0.291754
0.26664
0.261767
0.286328
0.281358
0.258786
0.297955
0.269807
0.235453
0.202487
0.21182
0.220685
0.237734
0.232245
0.24964
0.282954
0.292367
0.282891
0.300615
0.270638
0.279194
0.282757
0.29366
0.273504
0.265386
0.278007
0.277531
0.276796
0.272314
0.287202
0.266376
0.277179
0.284097
0.296525
0.292259
0.28493
0.253942
0.309405
0.331039
0.311264
0.308892
0.324034
0.299163
0.353364
0.325661
0.295106
0.300407
0.256902
0.336929
0.321735
0.351876
0.377913
0.328683
0.349948
0.306101
0.372881
0.291143
0.313748
0.287029
0.2325
0.212305
0.229262
0.278251
0.273421
0.325382
0.319316
0.329618
0.356361
0.360242
0.368833
0.365096
0.316804
0.310934
0.319735
0.302057
0.292852
0.243368
0.243925
0.285703
0.335201
0.343236
0.344248
0.325312
0.336888
0.333736
0.327183
0.307468
0.298625
0.252427
0.266688
0.286524
0.305909
0.272003
0.295953
0.303042
0.312303
0.324679
0.328813
0.302871
0.322169
0.265342
0.239947
0.245579
0.200284
0.202319
0.209801
0.2281
0.298979
0.284542
0.309607
0.272779
0.246665
0.259791
0.260264
0.258359
0.295403
0.274046
0.300738
0.31934
0.31934
0.295403
0.317112
0.338711
0.295041
0.288755
0.310603
0.301437
0.269772
0.266688
0.272779
0.275715
0.256907
0.323414
0.317857
0.28493
0.299685
0.346716
0.311594
0.316211
0.306688
0.312711
0.287384
0.24965
0.230687
0.225222
0.219684
0.241298
0.280157
0.266679
0.264218
0.230217
0.216529
0.203761
0.211886
0.226535
0.363176
0.344557
0.367086
0.338953
0.252557
0.279549
0.319744
0.281292
0.369943
0.246676
0.321984
0.290153
0.24634
0.253269
0
0.284241
0
0.185702
0
0
0.332812
0
0.278025
0.283302
0.287546
0.303851
0.318971
0.347454
0.356008
0.287714
0.238265
0.206955
0.170206
0
0.242278
0
0.174208
0.248692
0.172746
0.194314
0.154242
0.17198
0.220581
0.234649
0.2838
0.273529
0.277584
0.252766
0.275552
0.28905
0.339768
0.360406
0.346731
0.312506
0.309817
0.316395
0.303336
0.326893
0.393299
0.383439
0.325553
0.500083
0.379376
0.32062
0.322717
0.276627
0.322018
0.353299
0.348405
0.260068
0.308191
0.2804
0.275297
0.250452
0.264267
0.222895
0.173311
0.270055
0.190019
0.336864
0.320917
0.256297
0.245322
0.278607
0.308393
0.273029
0.465148
0.33204
0.288046
0.320177
0.43775
0.281203
0.217229
0.239092
0.24507
0.28491
0.266608
0.279103
0.309679
0.357869
0.401043
0.387181
0.366504
0.425884
0.473093
0.475706
0.512286
0.490724
0.492849
0.511653
0.417121
0.411054
0.524793
0.524252
0.396119
0.406736
0.454424
0.395939
0.45521
0.386127
0.369336
0.246305
0.313005
0.256098
0.263143
0.197636
0
0.246995
0
0.296088
0.237412
0
0.381247
0
0.215133
0.237387
0.238973
0.262991
0.260808
0.323296
0.346372
0.307655
0.36473
0.338734
0
0.269902
0.282049
0.258654
0.225
0.198971
0.259278
0.185549
0.199483
0.23442
0.21099
0.209625
0.266774
0.214989
0.250468
0.22342
0.226584
0.245254
0.173365
0.211648
0.179344
0
0.209864
0.269373
0.249142
0.250018
0.30381
0.331213
0.373911
0.362053
0.289949
0.263017
0.280517
0.261379
0.286149
0.24152
0.358004
0.388352
0.488326
0.398473
0.370233
0.431328
0.445564
0.401692
0.486847
0.451353
0.371488
0.337936
0.378959
0.39636
0.337936
0.451022
0.376189
0.395879
0.307348
0.346804
0.335898
0.239298
0.281572
0.303053
0.236781
0.249254
0.286959
0.221647
0.183082
0.201933
0.260287
0.260768
0.252742
0.23058
0.314214
0.290936
0.275225
0.286773
0.295841
0.292791
0.352284
0.332721
0.27235
0.338864
0.366533
0.285159
0.244836
0.33322
0.330875
0.32308
0.367486
0.393334
0.350496
0.398803
0.461325
0.394567
0.365004
0.474979
0.46824
0.402262
0.413235
0.33187
0.352825
0.414036
0.338471
0.38559
0.491986
0.472093
0.443835
0.493125
0.358302
0.446452
0.498937
0.427234
0.360893
0.428542
0.452984
0.400917
0.355088
0.383227
0.365457
0.312778
0.319759
0.313206
0.337003
0.313204
0.297241
0.319278
0.309055
0.270206
0.256907
0.221055
0.199238
0.186036
