Pos_alignment	Pos_3did
1	1
2	2
3	3
4	4
5	5
6	6
7	7
10	8
11	9
12	10
13	11
14	12
15	13
16	14
17	15
18	16
19	17
20	18
21	19
22	20
23	21
24	22
25	23
36	24
37	25
38	26
39	27
40	28
41	29
42	30
43	31
44	32
45	33
46	34
47	35
48	36
51	37
52	38
53	39
54	40
55	41
56	42
57	43
59	44
60	45
61	46
62	47
63	48
64	49
65	50
66	51
67	52
68	53
71	54
72	55
78	56
79	57
80	58
81	59
82	60
83	61
85	62
86	63
87	64
88	65
89	66
90	67
91	68
92	69
93	70
94	71
95	72
96	73
97	74
98	75
104	76
105	77
106	78
107	79
108	80
109	81
110	82