mean	sigma
0.17250959346547243	0.006516508212464654
0.3345202105325948	0.004596012237611085
0.9963222716522458	0.006838524895966733
0.6204611242908553	0.0057440607643042905
1.9740184344929432	0.012992691963239272
0.02484290168871195	0.010136395758309982
0.4624470919363403	0.00863763500262463
1.593242382811491	0.013245558618957952
0.9449865239158768	0.013518480307833836
0.4316647374230986	0.006439958891367152
0.6385252771692764	0.014256071402662253
0.3960905011803504	0.011843294300004912
0.28306218638205294	0.011656659388378753
0.6212859666156937	0.0121410159437655
0.9265674485898218	0.015110160876620342
0.4091201508750018	0.012695467213059392
1.666024501546739	0.02626599302623248
0.4030010101561827	0.008563824712184578
1.8301399161634593	0.0160683048804052
0.6663102706766088	0.005864507743647409
0.6167798825846512	0.0051713696199758505
1.937005520855738	0.018773295612931465
1.3491278547076595	0.01491937710201931
0.7153965380485173	0.021055525312168394
1.8173437692314187	0.027945321091777844
0.23683328584657418	0.01784606570554625
1.4416702292465875	0.023688933048437767
0.3522099289687033	0.004429160814740072
1.5424393509200658	0.02035429076713561
0.5280500365279506	0.017562779650069714
0.7457830248419879	0.02022067851288557
1.0270517349856156	0.013553133240443318
0.6329069297575343	0.012706019067335074
0.35671622603565317	0.016395877666961257
0.7275863701660759	0.008010955263098684
1.1336018108084356	0.015983841467985763
0.6500206121557175	0.007027821137958045
2.513999206485746	0.0320361070826303
0.42707518195136757	0.012817703757644842
1.070348488789795	0.011473255557418065
0.6893303619266562	0.012774501103465343
1.2870209285234269	0.01123171672845276
0.5576581076376064	0.004140538765932852
0.4825295437569067	0.004859501278443889
2.0219451977843987	0.009805932800196478
0.4934850956586829	0.006368869496344454
1.8821006250084016	0.013376166622832688
1.1266358729129287	0.012452822712975624
0.7544502012937345	0.0074675132991723
0.23461619113406257	0.004323921257659807
0.38898386405260066	0.004849640467582566
1.0210413350137042	0.02191627811511774
0.22837799898098873	0.009066905028555401
0.26471948292696523	0.007326623191096026
0.20258023668887679	0.015188846899068147
0.41984898748863814	0.010584575869845254
