311	0.568319
312	0.63132
313	0.640234
314	0.817057
315	0.587261
316	0.632556
317	0.497334
318	1
319	0.546618
320	0.318101
321	0.332145
322	0
323	0
324	0
325	0
326	0
327	0
328	0
329	0.321931
330	0.558149
331	0
332	0.228003
333	0.280028
334	0.412043
335	0.606804
336	0.646214
337	0.497455
338	0.580057
339	0
340	0.539635
341	0.711263
342	0.408024
343	0.40651
344	0.571278
345	0.64095
346	0.777216
347	0.749748
348	0.600755
349	0.654463
350	0.626212
351	0.57115
352	0.683535
353	0.659362
354	0.596544
355	0.389315
356	0.461678
357	0.563912
358	0.638759
359	0.688918
360	0.792776
361	0.650269
362	0.622973
363	0.551715
364	0.433518
365	0.487144
366	0.605473
367	0.801298
368	0.666442
369	0.48764
370	0.633339
371	0.453298
372	0
373	0.499497
374	0.637773
375	0.649498
376	0
377	0.697778
378	0.626411
379	0
380	0
381	0.475925
382	0.768907
383	0.652212
384	0.59765
385	0.494092
386	0.588227
387	0.525816
388	0.629382
389	0.783352
390	0.879679
391	0.683194
392	0.537757
393	0.449575
394	0.482187