2	0.513635
3	0.504081
4	0.491734
5	0.757998
6	0.805527
7	0.704561
8	0.491126
9	0.468463
10	0.375326
11	0.370864
12	0.423728
13	0.411208
14	0.487275
15	0.658489
16	0.538995
17	0.626499
18	0.685759
19	0.600064
20	0.741592
21	0.463607
22	0.545974
23	0
24	0
25	0.846755
26	1
27	0
28	0
29	0.571561
30	0.946628
31	0
32	0
33	0.458015
34	0
35	0
36	0.343027
37	0.62724
38	0.526172
39	0.532203
40	0
41	0
42	0
43	0
44	0
45	0
46	0.289472
47	0.249307
48	0.337551
49	0.394855
50	0.428723
51	0.474518
52	0
53	0.66219
54	0
55	0.354332
56	0.373345