1	0.446379
2	0.500956
3	0.59118
4	0.783271
5	0.647104
6	0.367726
7	0
8	0.309232
9	0
10	0.393163
11	0.529163
12	0
13	0
14	0.258783
15	0.327354
16	0
17	1
18	0.693262
19	0.492722
20	0.487052
21	0.40534
22	0.570257
23	0.574423
24	0.709702
25	0.819072
26	0.543335
27	0.54243
28	0.375856
29	0.341268
30	0.411335
31	0.260856
32	0
33	0.327628
34	0
35	0
36	0.586648
37	0
38	0.366046
39	0.45786
40	0.591995
41	0.457343
42	0.468376
43	0.471672
44	0.514356
45	0.655871
46	0
47	0.789681
48	0
49	0.376297
50	0
51	0
52	0.5752
53	0.523797
54	0.511015
55	0.628151
56	0.400688