id kd kon f_ddg b_dg b_ddg
WT 0.5 10 0 -0.425659604140321 0
F325A 0.3 10 3 -0.739356087218144 -0.313696483077824
V328A 1.7 9 0.2 0.325857217092526 0.751516821232846
G329A 46 9 0.5 2.35115719565976 2.77681679980008
F340A 1 10 0.2 0 0.425659604140321
I341V 0.5 10 -0.2 -0.425659604140321 0
V362A 0.7 7 0.7 -0.219033013047944 0.206626591092377
A376G 2.5 7 1 0.562691389571723 0.988350993712044
A376V 0.3 8 -0.7 -0.739356087218144 -0.313696483077824
K380A 1.5 7 -1 0.248994906493899 0.67465451063422
V386A 0.5 8 1.2 -0.425659604140321 0
A390G 0.4 10 2.2 -0.562691389571723 -0.137031785431402
H372Y 67 NA -2.1 2.58208912349013 3.00774872763045
