id	kon	kon_se	koff	koff_se	kd	kd_se
WT	7.0	0.15	2.6	0.06	0.37	0.017
I314V	7.1	0.04	2.43	0.04	0.34	0.006
I316A	6.3	0.03	1.51	0.03	0.240	0.005
G322A	6.2	0.09	0.72	0.02	0.116	0.004
L323A	7.1	0.04	12.5	0.27	1.75	0.040
G324A	6.7	0.13	12.3	0.30	1.85	0.058
F325A	8.0	0.16	5.8	0.17	0.72	0.026
I327V	6.1	0.04	13.8	0.08	2.26	0.019
V328A	7.1	0.06	7.2	0.24	1.01	0.035
G330A	6.3	0.22	65	2.97	10.3	0.594
E334A	9.2	0.08	5.6	0.06	0.61	0.008
G335A	14.2	0.19	0.54	0.03	0.038	0.002
I338A	6.0	0.03	1.86	0.04	0.31	0.006
F340A	6.3	0.06	4.4	0.06	0.70	0.012
I341V	7.0	0.04	3.43	0.05	0.49	0.007
P346G	6.8	0.12	4.1	0.16	0.60	0.026
A347G	5.8	0.03	5.8	0.29	1.00	0.050
L353A	6.7	0.03	1.9	0.06	0.29	0.009
R354A	7.9	0.09	2.69	0.04	0.34	0.007
V362A	5.6	0.05	2.35	0.02	0.42	0.005
N363A	6.8	0.14	4.0	0.11	0.60	0.020
H372A	5.3	0.06	34.5	0.35	6.5	0.101
A375G	5.1	0.10	6.1	0.12	1.19	0.033
A376G	7.2	0.03	10.3	0.36	1.44	0.051
I377A	6.9	0.04	2.12	0.01	0.307	0.002
A378G	6.5	0.05	1.52	0.01	0.233	0.002
K380A	5.4	0.03	5.1	0.10	0.94	0.020
A382G	6.9	0.04	1.00	0.01	0.145	0.001
V386A	6.6	0.04	1.9	0.05	0.29	0.008
I388V	7.2	0.05	3.26	0.04	0.45	0.006
R399A	8.0	0.08	7.3	0.08	0.91	0.013
F400A	7.5	0.45	110	3.87	15	1.024
E401A	7.3	0.05	5.28	0.03	0.72	0.006