Pos_ref	CS;Mclaughlin2012	SCA;Mclaughlin2012	PRS;Gerek2011	DMS;McLaughlin2012	MDS;Kumawat2017	DCS;Salinas2018	TDMC;Gianni2011	CMCA;Du2010	RRS;Kalescky2015	MCPath;Kaya2013
297										
298										
299										
300										
301										
302										
303										
304										
305										
306										
307										
308										
309					1					
310										
311								1		
312										
313										
314			1				1			
315										
316			1				1	1		
317										
318					1					
319										
320										
321										
322	1	1			1					
323		1		1	1		1			
324				1	1					
325		1		1			1			1
326			1		1			1		
327	1	1	1	1	1		1	1		1
328			1	1	1		1			
329	1	1	1	1						
330	1	1	1	1	1			1		
331					1		1			
332					1					
333										
334					1					
335			1							
336	1	1	1	1				1		
337			1		1			1		
338			1	1				1	1	1
339			1					1		
340			1				1			
341			1	1			1	1		
342								1		
343								1	1	
344								1		
345		1	1							
346			1							
347		1	1	1			1	1	1	
348					1			1		
349										
350										
351		1						1		
352					1					
353		1	1	1			1			1
354			1		1					
355			1		1					
356			1					1		
357					1					
358			1							
359			1	1				1		
360								1		
361			1							
362	1	1	1	1			1	1		
363		1								
364		1						1		
365										
366								1		
367			1	1						
368										
369								1		
370			1							
371										
372	1	1	1	1		1	1			1
373					1					
374										
375	1	1	1	1		1	1			
376		1		1		1	1	1		
377							1			
378							1	1		
379	1	1	1	1		1				
380					1		1			
381								1		
382							1			
383										
384										
385										
386		1	1				1	1		
387			1							
388		1	1	1						
389			1							
390			1							
391					1					
392										
393										
394										
395					1					
396										
397									1	
398										
399					1					
400										
401										
402										
403										
404										
405										
406										
407										
408										
409										
410										
411										
412										
413										
414										
415										
