0
0.487323
0.632867
0.661583
0.701297
0.690851
0.575353
0.525014
0.576042
0.636464
0.638546
0.652848
0.681253
0.716625
0.608839
0.672822
0.703153
0.745322
0.676478
0.684926
0.659368
0.632558
0.663832
0.691127
0.631171
0.627512
0.664391
0.670239
0.722706
0.685658
0.621337
0.554382
0.569297
0.574287
0.597248
0.593767
0.658151
0.754723
0.721964
0.723308
0.709189
0.627741
0.652279
0.692391
0.705396
0.701856
0.694416
0.732172
0.714065
0.673465
0.62583
0.65825
0.60801
0.569779
0.619473
0.648937
0.65198
0.659918
0.611576
0.681832
0.701555
0.665864
0.663974
0.687018
0.656784
0.747043
0.735674
0.719879
0.721728
0.615279
0.768096
0.740526
0.757225
0.765648
0.737421
0.780514
0.715012
0.780718
0.684145
0.745373
0.693084
0.600599
0.564334
0.583944
0.684684
0.680492
0.682919
0.698966
0.788497
0.80405
0.834743
0.75914
0.82989
0.696354
0.656891
0.709189
0.644388
0.641156
0.547355
0.541851
0.627741
0.721501
0.764509
0.767694
0.771067
0.772944
0.753692
0.710442
0.668785
0.637877
0.579084
0.587756
0.649154
0.661418
0.675946
0.725102
0.717535
0.754788
0.771528
0.741406
0.681539
0.684292
0.600036
0.541851
0.536132
0.473659
0.491528
0.487323
0.523953
0.659918
0.618916
0.668785
0.605891
0.550033
0.583473
0.574582
0.576847
0.641156
0.59194
0.659918
0.685658
0.681539
0.644388
0.661418
0.691057
0.636219
0.631171
0.655364
0.645988
0.567597
0.58986
0.593997
0.607804
0.574582
0.700264
0.729843
0.611576
0.644388
0.70793
0.680152
0.728664
0.732736
0.740991
0.689487
0.608657
0.505986
0.495029
0.467539
0.480127
0.589931
0.595737
0.634239
0.593126
0.577591
0.545669
0.575145
0.592117
0.73565
0.718671
0.743346
0.720568
0.637167
0.705517
0.729223
0.655257
0.821344
0.602593
0.708407
0.655648
0.596465
0.552536
0.496255
0.474778
0.318142
0.318243
0.472881
0.489362
0.528055
0.416683
0.599294
0.617447
0.620204
0.720138
0.75352
0.802336
0.802795
0.704386
0.61732
0.573118
0.484079
0.381428
0.551709
0.438484
0.483292
0.536375
0.508824
0.560821
0.53394
0.559728
0.636926
0.667189
0.646559
0.651612
0.613193
0.580114
0.653064
0.684997
0.755633
0.781734
0.736765
0.707991
0.679921
0.691696
0.746416
0.794417
0.826486
0.821387
0.642239
0.836367
0.73394
0.655348
0.614496
0.627779
0.646846
0.706322
0.729718
0.655195
0.705083
0.679769
0.662558
0.623133
0.603789
0.577554
0.493368
0.612338
0.505054
0.514341
0.519651
0.41109
0.478233
0.702966
0.531551
0.379082
0.639089
0.610315
0.439075
0.591035
0.702109
0.615946
0.528915
0.536414
0.537108
0.603404
0.590083
0.599216
0.635645
0.775543
0.815786
0.829179
0.792737
0.793687
0.89119
0.831686
0.787599
0.841101
0.913477
0.875995
0.704927
0.732242
0.891543
0.929031
0.694567
0.77223
0.875661
0.750238
0.881936
0.81837
0.853007
0.717862
0.819399
0.728005
0.72888
0.598282
0.534649
0.460253
0.352438
0.497339
0.426753
0.491514
0.59426
0.457263
0.58075
0.629192
0.641055
0.660751
0.647011
0.71142
0.705597
0.537445
0.663052
0.537092
0.54516
0.710617
0.739
0.563401
0.618643
0.601388
0.672881
0.552858
0.565526
0.591215
0.558007
0.56263
0.583534
0.568253
0.628761
0.625203
0.53458
0.474128
0.392814
0.399978
0.52435
0.408004
0.591657
0.511016
0.436903
0.522974
0.62519
0.669976
0.74667
0.6898
0.662316
0.655571
0.731421
0.700501
0.739179
0.666226
0.874917
0.871803
1
0.862442
0.809335
0.923336
0.718019
0.6462
0.757557
0.775786
0.619409
0.564277
0.67895
0.701129
0.609829
0.763409
0.737301
0.775995
0.648099
0.68252
0.701581
0.532839
0.539557
0.591646
0.519255
0.547585
0.589049
0.627446
0.551751
0.585717
0.619452
0.567838
0.693131
0.670469
0.654239
0.670621
0.664709
0.690125
0.686194
0.613228
0.701299
0.664982
0.620673
0.742241
0.774639
0.655299
0.591398
0.712049
0.722565
0.722893
0.822541
0.802089
0.729596
0.805749
0.847582
0.748257
0.720049
0.934307
0.906757
0.716617
0.793911
0.748669
0.860784
0.909038
0.854831
0.816739
0.883513
0.94229
0.856733
0.841533
0.767197
0.910412
0.919372
0.808146
0.751754
0.857957
0.868708
0.829989
0.797459
0.831478
0.803238
0.709474
0.757126
0.737766
0.733941
0.754865
0.681539
0.721043
0.691057
0.609699
0.569958
0.499507
0.423966
0.379681
