mean	sigma
0.09324602181813609	0.009100945568874398
0.06877022905218066	0.008566525863728731
0.0816792106501324	0.011792549537618262
0.14294678729498775	0.008181256634942536
0.3057686313829799	0.02002423180461588
0.19914048051664482	0.017945827304698757
0.9044746433669311	0.01881096819079127
0.21483407999652512	0.01908432732382521
1.7224542370518316	0.032786924651354604
0.11486903720320729	0.010055302713903624
0.24003574398966093	0.013049314089801131
0.35010443595651447	0.01399607194084271
0.8975891597511263	0.013436525307000404
0.0946679470522941	0.011960180736179982
0.6963937154879671	0.02613951612469055
2.1002667076028523	0.018443274347534115
0.2460514212098035	0.026762078763790793
0.18420684911627994	0.008445621173047885
0.3096380543639295	0.01433587133431868
0.1776340730059672	0.008537875882222034
0.11933852685850674	0.00821401945026074
0.36957048160424866	0.04738069807675167
0.1527482299795582	0.012391653455494096
0.04002109586160824	0.012372003109142639
0.30355679582415634	0.03763155064281566
0.029438428002167377	0.00825144163122537
0.08832971977575182	0.017334297347509978
0.08699951711802036	0.007943313006834167
0.07089265622058027	0.01608532163098416
0.10913148812171534	0.013310484581342073
0.09817575036098795	0.018950462886113423
0.3927480105170566	0.02204115089836888
0.0754791486152387	0.011561930309931572
0.4802634533653575	0.011585601540329124
1.7814461463575142	0.05566397584463871
0.5015188543684324	0.01929570539899603
0.41135563614811055	0.013685974994042649
0.18115518060543548	0.04606957656593302
0.12756357309610386	0.011583521397666148
0.212921129500855	0.02399185953980736
0.1772709604965483	0.010415235951603116
0.146900631264525	0.012840712522028857
0.1023681777961738	0.008156395075925624
0.0956050955133537	0.011253925127057557
1.3839379841557924	0.01791194470561844
0.17795948193778066	0.007942011447154777
0.3109993216890062	0.030710758428239872
1.0213838229919945	0.02422951566471652
0.33075500634241195	0.011240514902124448
0.4628603913641507	0.008897975457162555
0.36801280021254473	0.015466908011117796
0.12077051174049974	0.011093482916042001
0.1892582870878615	0.01097666930690801
0.052547758386260364	0.010387946838601699
0.18549394328436686	0.011268313750466753
0.046260844884717774	0.01062316043605288
